0.000404
0.000764
-0.000857
0.000353
0.000451
0.003324
-0.001432
-0.000011
0.001604
-0.000454
-0.001133
0.001378
0.001004
0.000626
0.000113
0.001693
-0.003229
-0.001287
0.000661
-0.002507
0.001627
0.000667
-0.001015
-0.000895
-0.001381
0.003807
-0.002375
-0.001472
0.000594
0.000273
0.001025
-0.002766
0.001496
0.000540
0.001547
0.001462
0.002574
0.001033
-0.002647
-0.000533
-0.003334
0.002292
-0.004280
-0.000278
0.000029
-0.001351
0.005562
-0.003221
0.000302
-0.002024
-0.000432
0.001672
-0.001725
-0.002596
-0.001714
-0.001858
0.002729
0.001585
0.001637
-0.002227
0.003815
-0.004740
0.002081
-0.001765
-0.001174
-0.000568
-0.001163
-0.001225
-0.003243
0.000496
0.001404
-0.002610
0.001055
-0.001416
-0.000664
-0.001494
-0.003827
-0.004006
0.001142
0.001124
-0.001115
0.001311
0.000416
0.000270
-0.002497
-0.003796
-0.002134
0.000050
-0.002986
-0.004385
-0.002792
-0.000766
-0.001578
0.000467
-0.000623
-0.000572
-0.001348
-0.002561
0.002485
-0.002153
-0.006096
-0.000214
-0.003341
-0.001036
-0.002596
-0.000409
-0.000260
-0.000216
0.001687
-0.000685
0.002116
-0.001891
-0.000975
-0.000472
0.001675
0.001145
0.001398
-0.002420
0.000687
-0.000195
0.000270
-0.004273
-0.003880
-0.003066
0.000462
-0.001874
-0.005201
-0.001917
0.001276
-0.000093
-0.004223
-0.002637
-0.004833
-0.003302
-0.006134
-0.003887
-0.003174
-0.000895
-0.004091
-0.002760
-0.001622
-0.008832
-0.005883
-0.003403
-0.008899
-0.003671
-0.011303
-0.009604
-0.010122
-0.011626
-0.006079
-0.006143
-0.010896
-0.009802
-0.012553
-0.009158
-0.014231
-0.011834
-0.014476
-0.015655
-0.015840
-0.019968
-0.021697
-0.020168
-0.022416
-0.027937
-0.030961
-0.035246
-0.037344
-0.045545
-0.053966
-0.051110
-0.065952
-0.072606
-0.081827
-0.094520
-0.104762
-0.111711
-0.121385
-0.132119
-0.131684
-0.126726
-0.121459
-0.111084
-0.101338
-0.089465
-0.078610
-0.070940
-0.064284
-0.052951
-0.047839
-0.035992
-0.034935
-0.031050
-0.020879
-0.016770
-0.017145
-0.016953
-0.011190
-0.007104
-0.007201
-0.005621
-0.001956
-0.000698
0.002592
0.001298
0.002670
0.008421
0.006164
0.008580
0.011946
0.014225
0.016197
0.016707
0.021229
0.017097
0.018393
0.020456
0.022066
0.021956
0.018922
0.019150
0.024196
0.021661
0.021286
0.020881
0.020771
0.017885
0.018762
0.017786
0.016427
0.018312
0.014978
0.013093
0.013448
0.015798
0.012658
0.012320
0.010270
0.007098
0.009198
0.009424
0.009428
0.008818
0.008155
0.001847
0.009508
0.002978
0.004021
0.002613
0.003770
0.004227
0.003902
0.002875
0.001278
0.003974
0.004442
0.000846
-0.000022
0.002059
0.008417
0.003622
0.003460
0.002047
0.000524
-0.000479
0.002553
-0.000606
-0.000414
0.003176
-0.002388
0.003072
-0.001544
0.002981
0.005388
-0.000911
-0.002443
0.001228
0.001295
-0.001430
-0.001248
0.002683
-0.004060
0.000936
-0.000292
-0.002194
0.000332
0.003057
0.000962
-0.002135
0.001352
-0.002211
-0.002872
0.000122
0.002668
-0.002147
0.000519
0.000319
-0.000975
0.000290
-0.002845
-0.000087
-0.002215
-0.003450
-0.001124
0.001856
0.001994
-0.002726
-0.002895
-0.000888
-0.002715
0.002743
0.003585
-0.000321
0.002016
-0.001719
0.000295
0.000768
-0.004738
-0.000170
-0.000432
-0.002370
-0.002637
-0.000826
-0.002112
-0.001411
0.002521
-0.002294
-0.002154
-0.003094
-0.002327
0.000281
-0.000083
0.000252
0.002016
-0.000932
-0.001582
-0.003676
-0.001304
-0.000146
0.000659
-0.002048
-0.000016
0.003753
-0.001223
-0.003834
-0.002696
-0.001864
0.000194
0.001417
0.000056
0.002476
-0.000450
-0.002077
0.001403
-0.004928
-0.000948
-0.001421
0.002619
0.002630
-0.002474
0.003218
0.001538
-0.000275
-0.001891
0.000702
0.000014
0.002129
-0.000291
0.000471
0.000272
-0.003427
-0.000312
0.000374
0.000824
0.000823
-0.001306
-0.003102
-0.000470
0.003874
0.003482
-0.002365
0.000093
0.001083
0.003383
-0.002837
-0.003947
0.002916
0.000151
-0.001109
0.001182
-0.000257
-0.000331
0.001982
0.000189
0.001514
-0.001669
-0.001853
0.000662
-0.001822
-0.000045
